 22.7777777777778 
 24.4444444444444 
 26.5555555555556 
 -999 
 25.7777777777778 
 24.3333333333333 
 21.8333333333333 
 23.2777777777778 
 -999 
 26.7222222222222 
 26.5 
 23.6666666666667 
23
 25.1111111111111 
 26.1111111111111 
 24.3888888888889 
 26.6111111111111 
 27.2222222222222 
 22.8333333333333 
 23.2777777777778 
 27.1666666666667 
 25.8333333333333 
 26.2777777777778 
 26.5 
 27.7222222222222 
27
 27.5555555555556 
 27.7777777777778 
 29.0555555555556 
 27.2777777777778 
 24.8888888888889 
 26.6666666666667 
 27.0555555555556 
 25.3888888888889 
 23.8333333333333 
 24.3888888888889 
 24.3333333333333 
 24.4444444444444 
 25.1666666666667 
 25.5555555555556 
 26.5555555555556 
 25.7222222222222 
 27.2777777777778 
 27.7777777777778 
 22.6666666666667 
 23.5555555555556 
 21.4444444444444 
 22.1111111111111 
 24.6111111111111 
 26.8888888888889 
 24.9444444444444 
 24.1111111111111 
 23.2222222222222 
 22.3888888888889 
 19.6666666666667 
 18.1666666666667 
 20.1111111111111 
 22.6666666666667 
 22.6666666666667 
 22.9444444444444 
 25.2777777777778 
 24.5 
 25.9444444444444 
 25.6666666666667 
 24.8333333333333 
 24.3888888888889 
 24.1111111111111 
 25.2222222222222 
 25.4444444444444 
 23.3333333333333 
 19.4444444444444 
 22.3888888888889 
 22.3888888888889 
 18.0555555555556 
 18.5555555555556 
 22.5 
 21.7222222222222 
 23.8888888888889 
 22.0555555555556 
 20.8888888888889 
 20.1666666666667 
 21.0555555555556 
 21.8888888888889 
20
 20.5555555555556 
 22.3333333333333 
 23.3333333333333 
 23.3333333333333 
 23.3888888888889 
 -999 
 -999 
 20.9444444444444 
 19.3888888888889 
 15.3333333333333 
15
 18.2222222222222 
 18.9444444444444 
 18.6111111111111 
 19.6111111111111 
 20.5555555555556 
 -999 
 21.5 
 19.5555555555556 
 14.4444444444444 
 14.3333333333333 
 16.6111111111111 
 18.6111111111111 
 20.3888888888889 
 19.9444444444444 
 19.1666666666667 
 18.2222222222222 
 16.2222222222222 
 11.7777777777778 
 13.6666666666667 
 15.8888888888889 
 15.7222222222222 
 16.1111111111111 
 17.3333333333333 
 16.5555555555556 
 17.9444444444444 
20
 19.4444444444444 
19
 16.2777777777778 
 16.5 
 17.2777777777778 
 12.8888888888889 
 13.3888888888889 
 14.6111111111111 
 14.6666666666667 
 15.1111111111111 
 16.3888888888889 
 16.2777777777778 
 17.7777777777778 
 15.8888888888889 
 11.1666666666667 
 11.7222222222222 
 14.5 
 16.3888888888889 
 16.4444444444444 
 17.5 
 18.4444444444444 
 18.5 
 17.3333333333333 
 16.4444444444444 
 15.8888888888889 
 16.8888888888889 
17
 15.6666666666667 
 13.7222222222222 
 9.94444444444444 
 12.3888888888889 
 13.8888888888889 
 13.9444444444444 
14
 14.4444444444444 
 15.7222222222222 
 13.8333333333333 
 11.8888888888889 
 40.55 
 10.5555555555556 
 13.3888888888889 
 -999 
 13.6111111111111 
 15.5 
 12.6666666666667 
 12.6666666666667 
 12.4444444444444 
 12.6666666666667 
 12.2222222222222 
 11.5 
 8.27777777777778 
 11.5 
14
 16.3333333333333 
 12.5 
 12.5 
12
 11.4444444444444 
 10.5555555555556 
 12.8888888888889 
 14.6111111111111 
 14.8333333333333 
 16.8888888888889 
 19.1666666666667 
 17.5 
 13.9444444444444 
 12.5 
 11.4444444444444 
 11.8888888888889 
 11.5 
 13.3888888888889 
 7.44444444444444 
 6.44444444444445 
 7.44444444444444 
 5.83333333333333 
 5.44444444444444 
 5.61111111111111 
 -999 
 9.33333333333333 
 10.3888888888889 
 10.7777777777778 
 9.11111111111111 
 7.88888888888889 
 9.44444444444444 
 10.1111111111111 
 10.2777777777778 
 11.0555555555556 
 13.3333333333333 
 11.5 
12
 10.6111111111111 
 7.27777777777778 
 6.72222222222222 
 6.38888888888889 
7
 8.11111111111111 
 10.5 
 10.1666666666667 
 10.8333333333333 
 11.2777777777778 
 11.8333333333333 
 12.1111111111111 
 12.4444444444444 
 7.88888888888889 
 7.66666666666667 
 9.16666666666667 
 11.2222222222222 
 12.5555555555556 
 15.0555555555556 
 16.5 
 13.2222222222222 
 14.7222222222222 
16
 16.8888888888889 
 15.1666666666667 
 55.5 
 12.2777777777778 
 14.1666666666667 
 16.0555555555556 
 14.3333333333333 
 11.6666666666667 
 14.0555555555556 
 11.1111111111111 
 9.77777777777778 
 12.3333333333333 
 11.1666666666667 
 13.1666666666667 
 15.5555555555556 
 15.7777777777778 
 15.2777777777778 
 16.4444444444444 
 18.6111111111111 
 16.3333333333333 
 13.1666666666667 
 12.9444444444444 
 13.3888888888889 
 16.2222222222222 
 16.9444444444444 
 12.2222222222222 
13
 15.5 
 17.7222222222222 
 16.7777777777778 
 17.4444444444444 
 14.2777777777778 
 13.4444444444444 
 15.6666666666667 
 17.1111111111111 
 17.2222222222222 
 16.9444444444444 
 14.6666666666667 
 12.8888888888889 
 12.7777777777778 
 14.8888888888889 
 16.3333333333333 
 17.3333333333333 
 18.7222222222222 
 18.6666666666667 
 17.2222222222222 
14
 16.3888888888889 
 16.3888888888889 
 17.1666666666667 
 17.8888888888889 
 18.8333333333333 
 17.9444444444444 
 14.0555555555556 
 15.5555555555556 
 14.8333333333333 
 15.5555555555556 
 18.8333333333333 
 21.2777777777778 
 21.1111111111111 
 17.7222222222222 
 14.5555555555556 
 15.6111111111111 
 17.2777777777778 
 17.2222222222222 
 16.5 
 18.2777777777778 
 17.2222222222222 
 15.2777777777778 
 17.3888888888889 
 18.2222222222222 
19
 22.0555555555556 
 20.6111111111111 
 20.7777777777778 
 21.5555555555556 
 23.4444444444444 
 18.0555555555556 
 12.8333333333333 
 14.3333333333333 
 15.3888888888889 
 -999 
 18.7222222222222 
 18.2777777777778 
 18.9444444444444 
 18.3333333333333 
 18.6111111111111 
 20.1111111111111 
 22.3888888888889 
 23.5555555555556 
 22.4444444444444 
 20.4444444444444 
 20.7222222222222 
 21.9444444444444 
 23.0555555555556 
 24.5555555555556 
 23.6111111111111 
 18.8333333333333 
 18.5555555555556 
 23.3333333333333 
 -999
 23.8333333333333 
 21.6111111111111 
 21.3333333333333 
 21.0555555555556 
 22.6666666666667 
 40.5 
 24.1111111111111 
 21.3333333333333 
 21.2777777777778 
 21.8333333333333 
 16.8888888888889 
 19.7222222222222 
 23.8888888888889 
 25.2777777777778 
 24.6666666666667 
 26.6111111111111 
 20.8333333333333 
 21.1666666666667 
 24.6666666666667 
 26.7222222222222 
 28.5555555555556 
 27.5555555555556 
 26.1111111111111 
 30.2777777777778 
 26.6111111111111 
 26.7777777777778 
 27.7222222222222 
 25.3888888888889 
 25.1111111111111 
 24.8888888888889 
